FIRST FIT HOUSES:
Aantal huizen:  150
Kosten:         47358

FIRST FIT BATTERIES:
Aantal huizen:  150
Kosten:         47106

GENETIC RACE:
([2, 4, 0, 3, 1, 4, 4, 4, 2, 0, 0, 2, 1, 0, 1, 1, 1, 1, 4, 1, 1, 0, 4, 1, 0, 4, 2, 0, 0, 0, 3, 1, 1, 3, 1, 0, 0, 3, 1, 3, 1,
2, 2, 2, 4, 0, 1, 2, 2, 4, 3, 1, 1, 0, 4, 3, 4, 2, 4, 4, 0, 0, 4, 4, 3, 0, 4, 3, 4, 3, 0, 1, 1, 3, 4, 4, 2, 2, 0, 3, 2, 2,
0, 1, 4, 4, 0, 3, 3, 4, 1, 4, 4, 0, 3, 4, 2, 0, 3, 2, 3, 2, 2, 2, 0, 4, 1, 1, 0, 0, 3, 2, 1, 1, 2, 0, 2, 3, 2, 3, 2, 0, 3,
2, 2, 3, 1, 0, 3, 3, 4, 3, 1, 2, 0, 4, 2, 3, 2, 3, 0, 1, 2, 0, 1, 3, 4, 0, 2, 1]
(150, -34.99999999999942, -48285.0))
Connected 150 houses!
48285.0

DIFFERENTIAL EVOLUTION:
[4, 0, 3, 4, 3, 1, 0, 2, 4, 2, 0, 2, 1, 1, 0, 0, 2, 3, 0, 3, 4, 0, 4, 0, 2, 3, 4, 4, 2, 2, 3, 1, 0, 3, 3, 0, 1, 2, 1, 0, 2, 3,
3, 2, 2, 0, 2, 1, 1, 4, 3, 1, 2, 3, 3, 1, 1, 4, 1, 0, 3, 3, 4, 4, 2, 4, 1, 2, 3, 4, 2, 0, 1, 2, 1, 4, 0, 4, 1, 4, 1, 0, 0, 1,
2, 0, 1, 2, 3, 4, 1, 4, 4, 0, 0, 1, 2, 3, 4, 3, 2, 2, 4, 1, 4, 3, 1, 4, 3, 4, 1, 3, 2, 3, 1, 3, 0, 1, 0, 4, 0, 0, 4, 2, 3, 2,
4, 0, 3, 0, 0, 3, 1, 1, 2, 4, 0, 3, 0, 4, 4, 3, 0, 3, 1, 2, 1, 1, 4, 2]
Aantal huizen:  150
Stroom vrij:    34.9999999999998
Kosten:         43722.0

COMBO METHOD:
[1, 4, 0, 4, 1, 1, 1, 1, 1, 4, 1, 3, 2, 4, 2, 4, 3, 2, 3, 1, 0, 1, 3, 1, 4, 1, 2, 0, 3, 4, 4, 3, 3, 4, 4, 2, 0, 4, 4, 4, 4, 4,
3, 4, 1, 1, 4, 1, 1, 0, 1, 3, 0, 4, 2, 3, 2, 3, 4, 2, 1, 3, 1, 2, 0, 0, 2, 1, 3, 3, 4, 0, 2, 1, 2, 0, 3, 4, 3, 2, 2, 0, 3, 4,
1, 0, 3, 0, 2, 1, 1, 2, 4, 4, 1, 3, 1, 0, 4, 2, 2, 2, 2, 0, 2, 3, 1, 2, 4, 3, 0, 3, 3, 0, 2, 0, 0, 1, 4, 4, 1, 3, 2, 2, 3, 2,
3, 0, 4, 3, 2, 3, 1, 4, 2, 2, 3, 0, 0, 0, 0, 2, 0, 0, 0, 3, 0, 1, 0, 0], 
(150, -33.750000000000114, -30591.0))      
Aantal huizen:  150
Stroom vrij:    33.750000000000114
Kosten:         30591.0

COMBO METHOD Map 1:
([1, 1, 3, 1, 4, 0, 2, 2, 4, 4, 0, 0, 2, 2, 1, 3, 0, 4, 3, 1, 1, 0, 3, 2, 4, 0, 4, 4, 2, 3, 3, 4, 2, 0, 4, 1, 4, 0, 1, 3, 2, 0,
 0, 2, 0, 2, 1, 4, 2, 3, 3, 2, 2, 0, 2, 2, 2, 4, 1, 0, 1, 4, 4, 1, 2, 4, 3, 3, 0, 3, 0, 0, 3, 0, 1, 2, 0, 1, 2, 4, 2, 1, 0, 1, 
 1, 3, 1, 1, 3, 4, 4, 4, 4, 3, 4, 4, 4, 0, 3, 3, 1, 2, 1, 3, 3, 4, 3, 0, 3, 2, 2, 4, 1, 3, 1, 0, 4, 3, 0, 4, 2, 0, 3, 3, 0, 0, 
 0, 2, 3, 3, 1, 3, 1, 2, 2, 1, 1, 2, 0, 0, 2, 3, 1, 0, 1, 1, 4, 0, 3, 4], 
 (150, -34.999999999999346, -31473.0))
 Ran 1.000.000 million

 COMBO METHOD Map 2:
([3, 1, 4, 0, 2, 1, 2, 0, 2, 3, 2, 4, 4, 0, 3, 0, 0, 0, 3, 2, 4, 1, 0, 3, 3, 3, 1, 3, 2, 2, 4, 3, 3, 4, 2, 3, 1, 0, 4, 1, 0, 4, 
4, 2, 3, 2, 3, 1, 4, 4, 0, 3, 4, 1, 4, 4, 3, 0, 0, 3, 0, 0, 1, 2, 4, 4, 1, 0, 4, 4, 2, 1, 2, 2, 3, 4, 2, 2, 0, 1, 0, 0, 2, 4, 
1, 4, 3, 3, 1, 2, 3, 1, 3, 0, 1, 4, 1, 2, 1, 0, 4, 0, 1, 1, 4, 0, 0, 3, 1, 4, 1, 2, 0, 0, 3, 4, 1, 1, 4, 2, 1, 1, 4, 3, 3, 0, 
0, 4, 1, 3, 1, 4, 0, 4, 2, 2, 0, 3, 1, 2, 0, 3, 1, 3, 2, 2, 2, 4, 3, 2], 
(150, -41.24999998000111, -21438.0))
 ran 1.000.000 times

COMBO METHOD Map 3:
Reached generation 1000000!
([1, 4, 0, 4, 1, 2, 1, 2, 3, 4, 3, 3, 2, 4, 1, 4, 3, 4, 3, 2, 0, 1, 0, 0, 4, 0, 0, 0, 4, 4, 4, 0, 0, 0, 4, 2, 3, 2, 3, 3, 1, 4,
 0, 3, 4, 2, 1, 0, 1, 4, 1, 4, 0, 4, 1, 1, 3, 0, 4, 1, 3, 0, 0, 2, 0, 3, 2, 1, 3, 2, 4, 3, 2, 1, 1, 4, 0, 2, 2, 1, 1, 1, 3, 4, 
 2, 1, 0, 3, 2, 1, 1, 3, 4, 4, 0, 0, 2, 1, 2, 4, 2, 2, 1, 3, 2, 1, 2, 1, 3, 4, 0, 4, 0, 0, 2, 0, 3, 3, 3, 2, 4, 3, 2, 1, 4, 3, 
 3, 0, 4, 3, 2, 3, 2, 4, 2, 2, 3, 4, 3, 1, 1, 2, 0, 0, 3, 2, 0, 1, 0, 1], 
 (150, -33.749999999999, -18927.0))
ran 1.000.000 times
(geen verandering na de hillclimber)

